20
139 13
539964 -985826
312382 369764
246723 -839946
-173799 -705747
329844 -545738
-770619 -510175
185760 669666
380759 -73098
-934464 -281085
485646 220264
183507 536936
714862 886856
-737336 -213955
661480 -77146
-871479 -38763
-106726 -27284
606828 542577
-167150 -411113
206588 461785
-1042439 240174
814835 1039812
-331869 -434587
-917769 506501
784302 385429
1005352 283464
-580839 177371
109567 753018
-1001210 254701
-686059 1014565
-566374 -123448
61563 783384
514790 -81550
-821202 -618716
-364637 -504471
176400 -845886
-762081 -133188
-1035276 -789380
725368 -960332
-771054 -817833
-1010986 -902298
373837 346916
-969984 -1011670
-162071 918378
-209255 68210
190266 5786
-69137 -282381
-164632 593295
-797877 -47852
849906 -900321
341437 321645
657499 -546319
-981504 -272430
-655667 -273254
-132667 -105307
-308158 227270
-638457 -801966
267844 -434955
-785095 810235
-419193 -79952
-867773 151973
395620 -804001
-674166 807494
-208754 -93081
-272160 -548641
-807617 -199784
-821896 -562309
-681896 -126515
151462 8912
724960 -5706
-913256 7412
-231531 317783
419112 449787
856748 555532
572662 -673696
738591 -23090
1003890 393027
-299387 -571104
-43130 -745460
782625 112905
225701 356675
505600 667971
865460 479695
427332 276365
612577 928263
-976810 504527
-514454 219896
-343868 218996
-516918 -421548
-348417 871089
-410047 -481544
-372812 -714337
16286 -61118
444397 273521
-329073 114430
935605 250569
-724513 748091
-402573 433111
837516 -598009
-395075 276164
-758382 -265125
962933 -901889
-851976 -244681
444584 486888
441669 522310
386199 -543519
-274165 526175
-911715 87597
-167068 -786940
-12711 228188
323238 641541
-23732 460283
-841154 -76534
170013 -1019947
-229282 -641123
-480441 -114256
498647 69370
-457768 -367541
-91954 -732339
257713 763883
794223 943621
-281519 443044
-228728 767982
-737533 112923
-187837 -88336
-451719 -488283
-175119 -959659
-362415 988667
473460 -277045
-841847 462755
-702713 -53171
-161858 -683346
802163 -225175
387658 -356505
-973298 -136016
277202 966212
-896719 -828910
489778 1048396
417347 -480185
999047 -762081
288720 258210
284166 -672773
968548 369081
694347 -748723
50631 -784624
305975 -968682
-292651 324920
-101535 264528
52421 10064
235776 996500
696086 -998310
186709 -367609
171057 -844736
40
Q -136714 446532 757578 118755
M 126 131300 24766
M 82 -449561 426628
Q -242147 835705 448205 611681
Q -29799 -10017 969465 -890221
Q -886981 982548 -752789 929769
M 133 -333707 1036726
Q 570455 516458 841104 -354847
Q 431616 787590 496211 -52454
M 77 -678450 804726
M 91 -229715 -371715
Q -859553 365744 478443 -321180
Q -1013440 -67250 957514 -799461
Q -362719 905632 -174614 630490
Q -468408 335309 50640 -338447
Q -66048 914652 243931 744099
Q -336475 246706 256249 -181489
Q -1021571 379442 -400155 -549194
Q -298169 836373 795083 806815
Q -821980 -598457 -182786 -691340
Q -472663 811125 576970 617249
Q -895871 838719 834449 -235225
Q 170834 97663 414398 -320767
Q -932973 -84679 -794578 -776251
Q 289408 357760 803618 -622260
Q 118273 903092 915567 668486
Q -645802 743261 -359905 634398
M 122 -423814 291530
Q -473055 -104973 -236991 -142097
M 39 -614874 -616766
Q -412286 522323 853977 300503
M 101 -989174 576836
Q 216747 574471 819441 222701
Q -318157 1003909 166167 -627802
Q -405447 -531061 875514 -606158
Q 278282 381819 1024527 292795
Q 307367 983280 891671 604559
M 55 -351974 -37653
Q -832031 297555 -19591 -790468
Q -923954 467939 395452 459356
